ans =

    3.92507
   10.30793
   11.32438
    2.60841
    3.81700
    6.80502
    3.10710
    4.81089
    3.38758
    3.26462
    6.41791
    5.64908
    5.34016
    5.86193
   10.21018
    3.53543
    5.10525
    2.81902
    8.94998
    3.39934
    9.84249
    3.86662
    7.78909
   10.48386
    7.33407
    5.95305
    5.12920
    8.15737
    8.09287
    5.02959
    4.93875
    4.51435
    3.70310
    6.80735
    4.79923
    5.31934
    6.22734
    6.53828
    4.29078
    5.34078
    6.89521
    3.87610
    6.48009
   10.84805
    6.35199
    7.80573
    3.48962
    3.67412
    4.27794
    4.14139
    5.94984
    4.80019
    5.02113
    4.40145
    5.66855
    3.49828
   11.37035
    6.81078
    4.27834
    7.78228
    2.75761
    7.81694
    4.66009
   11.98272
    2.95341
    8.41185
    3.15288
   18.03950
    4.80550
    5.46303
    3.51272
    5.71177
    7.95125
    5.34387
    4.41853
    5.72743
    6.57453
    6.51141
   10.92795
    9.95336
   13.70584
    4.53961
    6.78023
    4.06395
    9.84829
    4.68888
    5.05634
    3.91851
   10.11772
    6.76146
    4.03216
    4.45904
   13.24381
    5.08994
    4.37883
    5.21163
    5.88017
    6.62788
    6.19614
    7.18846
    5.22976
    2.04324
    4.41759
    6.21021
    5.69834
    4.09743
    6.82018
    5.60410
    4.76081
    8.63351
    5.05839
    7.50884
    5.76358
    4.36603
    2.93560
    4.42985
    1.63893
    4.93709
    3.06434
    4.38071
    3.73337
    8.09886
    3.86224
    5.96024
    7.19712
    3.66324
    7.48935
    3.93270
    3.90834
    4.83352
    3.71099
    3.85623
    5.18451
    3.93316
    5.63976
    4.24822
    3.53274
    4.18750
    5.61020
    2.30153
    7.88739
    3.00906
    3.04508
    2.70238
    2.54895
    9.17433
    3.48480
    4.79010
    3.95265
    8.46623
    6.39521
    5.33001
    3.89656
    3.92662
    5.09967
    3.43495
    6.04135
    4.06062
    3.55632
    5.36979
    3.24175
    3.77974
    4.64505
    5.76864
    3.26021
    5.65216
    7.45279
    4.20633
    5.23518
    7.02117
    2.51548
    4.18459
    4.27550
    4.94475
    3.97246
    5.52308
    6.97037
    4.85224
    5.51830
    6.90126
    5.40606
    2.86591
    3.40074
    3.60586
    7.25066
    5.61385
    2.68246
    5.28474
    7.10346
    2.97199
    3.89105
    2.79348
    7.46753
    3.32322
    4.88469
    4.27792
   12.17864
    4.21703
   11.80676
    3.67531
    9.10449
    9.34756
   14.25971
    7.06516
    6.93413
   10.16127
   18.03754
    6.77710
    5.60400
    2.96176
   19.83324
   13.26101
   11.58023
   18.44686
   10.36223
    6.23623
    7.11578
   12.94358
   22.64965
   13.21788
    7.67306
    9.02443
   11.53799
    7.52038
    2.65591
    5.45536
    5.66438
    4.15140
    6.50972
    9.34504
    5.18847
    7.48350
   14.30000
   12.01568
   11.56651
    8.18350
   11.91373
    5.64111
    8.45665
    1.00298
   10.81730
    1.48775
    5.41210
   17.57015
   20.22991
   19.57814
    4.09808
    5.40241
    8.32147
    9.32765
    8.50506
   13.66141
    9.13735
   15.46289
   11.22146
   10.55762
    6.70805
   11.71795
   14.47315
   17.85520
   12.40153
    2.68876
   21.68598
    6.40225
   13.18153
    0.31030
   27.41532
    3.83950
    5.92239
    7.28161
   11.29124
    4.27285
   15.11154
    1.42222
    8.85191
    9.72178
    7.42193
    1.88676
   10.88797
    5.88445
   13.00766
    7.85681
   13.89786
   13.60264
   10.52140
   10.38989
    7.74125
   13.20206
    4.82688
    8.31219
    8.39494
    7.01353
    6.92843
    6.27703
   12.32694
   18.65850
   15.93611
    3.38114
    9.74103
   11.61589

